0.0052773 2.12902 15.7314 2.12902 0.0052773 
0.0052773 2.12902 15.7314 2.12902 0.0052773 
0.0052773 2.12902 15.7314 2.12902 0.0052773 
0.0052773 2.12902 15.7314 2.12902 0.0052773 
0.0052773 2.12902 15.7314 2.12902 0.0052773 
0.0052773 2.12902 15.7314 2.12902 0.0052773 
0.0052773 2.12902 15.7314 2.12902 0.0052773 
0.0052773 2.12902 15.7314 2.12902 0.0052773 
0.0052773 2.12902 15.7314 2.12902 0.0052773 
0.0052773 2.12902 15.7314 2.12902 0.0052773 
0.0052773 2.12902 15.7314 2.12902 0.0052773 
0.0052773 2.12902 15.7314 2.12902 0.0052773 
0.0052773 2.12902 15.7314 2.12902 0.0052773 
0.0052773 2.12902 15.7314 2.12902 0.0052773 
0.0052773 2.12902 15.7314 2.12902 0.0052773 
0.0052773 2.12902 15.7314 2.12902 0.0052773 
0.0052773 2.12902 15.7314 2.12902 0.0052773 
0.0052773 2.12902 15.7314 2.12902 0.0052773 
0.0052773 2.12902 15.7314 2.12902 0.0052773 
0.0052773 2.12902 15.7314 2.12902 0.0052773 
0.0052773 2.12902 15.7314 2.12902 0.0052773 
0.0052773 2.12902 15.7314 2.12902 0.0052773 
0.0052773 2.12902 15.7314 2.12902 0.0052773 
0.0052773 2.12902 15.7314 2.12902 0.0052773 
0.0052773 2.12902 15.7314 2.12902 0.0052773 
0.0052773 2.12902 15.7314 2.12902 0.0052773 
0.0052773 2.12902 15.7314 2.12902 0.0052773 
0.0052773 2.12902 15.7314 2.12902 0.0052773 
0.0052773 2.12902 15.7314 2.12902 0.0052773 
0.0052773 2.12902 15.7314 2.12902 0.0052773 
0.0052773 2.12902 15.7314 2.12902 0.0052773 
0.0052773 2.12902 15.7314 2.12902 0.0052773 
0.0052773 2.12902 15.7314 2.12902 0.0052773 
0.0052773 2.12902 15.7314 2.12902 0.0052773 
0.0052773 2.12902 15.7314 2.12902 0.0052773 
0.0052773 2.12902 15.7314 2.12902 0.0052773 
0.0052773 2.12902 15.7314 2.12902 0.0052773 
0.0052773 2.12902 15.7314 2.12902 0.0052773 
0.0052773 2.12902 15.7314 2.12902 0.0052773 
0.0052773 2.12902 15.7314 2.12902 0.0052773 
0.0052773 2.12902 15.7314 2.12902 0.0052773 
0.0052773 2.12902 15.7314 2.12902 0.0052773 
0.0052773 2.12902 15.7314 2.12902 0.0052773 
0.0052773 2.12902 15.7314 2.12902 0.0052773 
0.0052773 2.12902 15.7314 2.12902 0.0052773 
0.0052773 2.12902 15.7314 2.12902 0.0052773 
0.0052773 2.12902 15.7314 2.12902 0.0052773 
0.0052773 2.12902 15.7314 2.12902 0.0052773 
0.0052773 2.12902 15.7314 2.12902 0.0052773 
0.0052773 2.12902 15.7314 2.12902 0.0052773 
0.0052773 2.12902 15.7314 2.12902 0.0052773 
0.0052773 2.12902 15.7314 2.12902 0.0052773 
0.0052773 2.12902 15.7314 2.12902 0.0052773 
0.0052773 2.12902 15.7314 2.12902 0.0052773 
0.0052773 2.12902 15.7314 2.12902 0.0052773 
0.0052773 2.12902 15.7314 2.12902 0.0052773 
0.0052773 2.12902 15.7314 2.12902 0.0052773 
0.0052773 2.12902 15.7314 2.12902 0.0052773 
0.0052773 2.12902 15.7314 2.12902 0.0052773 
0.0052773 2.12902 15.7314 2.12902 0.0052773 
0.0052773 2.12902 15.7314 2.12902 0.0052773 
0.0052773 2.12902 15.7314 2.12902 0.0052773 
0.0052773 2.12902 15.7314 2.12902 0.0052773 
0.0052773 2.12902 15.7314 2.12902 0.0052773 
0.0052773 2.12902 15.7314 2.12902 0.0052773 
0.0052773 2.12902 15.7314 2.12902 0.0052773 
0.0052773 2.12902 15.7314 2.12902 0.0052773 
0.0052773 2.12902 15.7314 2.12902 0.0052773 
0.0052773 2.12902 15.7314 2.12902 0.0052773 
0.0052773 2.12902 15.7314 2.12902 0.0052773 
0.0052773 2.12902 15.7314 2.12902 0.0052773 
0.0052773 2.12902 15.7314 2.12902 0.0052773 
0.0052773 2.12902 15.7314 2.12902 0.0052773 
0.0052773 2.12902 15.7314 2.12902 0.0052773 
0.0052773 2.12902 15.7314 2.12902 0.0052773 
0.0052773 2.12902 15.7314 2.12902 0.0052773 
0.0052773 2.12902 15.7314 2.12902 0.0052773 
0.0052773 2.12902 15.7314 2.12902 0.0052773 
0.0052773 2.12902 15.7314 2.12902 0.0052773 
0.0052773 2.12902 15.7314 2.12902 0.0052773 
0.0052773 2.12902 15.7314 2.12902 0.0052773 
0.0052773 2.12902 15.7314 2.12902 0.0052773 
0.0052773 2.12902 15.7314 2.12902 0.0052773 
0.0052773 2.12902 15.7314 2.12902 0.0052773 
0.0052773 2.12902 15.7314 2.12902 0.0052773 
0.0052773 2.12902 15.7314 2.12902 0.0052773 
0.0052773 2.12902 15.7314 2.12902 0.0052773 
0.0052773 2.12902 15.7314 2.12902 0.0052773 
0.0052773 2.12902 15.7314 2.12902 0.0052773 
0.0052773 2.12902 15.7314 2.12902 0.0052773 
0.0052773 2.12902 15.7314 2.12902 0.0052773 
0.0052773 2.12902 15.7314 2.12902 0.0052773 
-nan -nan -nan -nan -nan 
-nan -nan -nan -nan -nan 
0.0052773 2.12902 15.7314 2.12902 0.0052773 
0.0052773 2.12902 15.7314 2.12902 0.0052773 
0.0052773 2.12902 15.7314 2.12902 0.0052773 
0.0052773 2.12902 15.7314 2.12902 0.0052773 
0.0052773 2.12902 15.7314 2.12902 0.0052773 
0.0052773 2.12902 15.7314 2.12902 0.0052773 
0.0052773 2.12902 15.7314 2.12902 0.0052773 
0.0052773 2.12902 15.7314 2.12902 0.0052773 
0.0052773 2.12902 15.7314 2.12902 0.0052773 
0.0052773 2.12902 15.7314 2.12902 0.0052773 
0.0052773 2.12902 15.7314 2.12902 0.0052773 
0.0052773 2.12902 15.7314 2.12902 0.0052773 
0.0052773 2.12902 15.7314 2.12902 0.0052773 
0.0052773 2.12902 15.7314 2.12902 0.0052773 
0.0052773 2.12902 15.7314 2.12902 0.0052773 
0.0052773 2.12902 15.7314 2.12902 0.0052773 
0.0052773 2.12902 15.7314 2.12902 0.0052773 
0.0052773 2.12902 15.7314 2.12902 0.0052773 
0.0052773 2.12902 15.7314 2.12902 0.0052773 
0.0052773 2.12902 15.7314 2.12902 0.0052773 
0.0052773 2.12902 15.7314 2.12902 0.0052773 
0.0052773 2.12902 15.7314 2.12902 0.0052773 
0.0052773 2.12902 15.7314 2.12902 0.0052773 
0.0052773 2.12902 15.7314 2.12902 0.0052773 
0.0052773 2.12902 15.7314 2.12902 0.0052773 
0.0052773 2.12902 15.7314 2.12902 0.0052773 
0.0052773 2.12902 15.7314 2.12902 0.0052773 
0.0052773 2.12902 15.7314 2.12902 0.0052773 
0.0052773 2.12902 15.7314 2.12902 0.0052773 
0.0052773 2.12902 15.7314 2.12902 0.0052773 
0.0052773 2.12902 15.7314 2.12902 0.0052773 
0.0052773 2.12902 15.7314 2.12902 0.0052773 
0.0052773 2.12902 15.7314 2.12902 0.0052773 
0.0052773 2.12902 15.7314 2.12902 0.0052773 
0.0052773 2.12902 15.7314 2.12902 0.0052773 
0.0052773 2.12902 15.7314 2.12902 0.0052773 
0.0052773 2.12902 15.7314 2.12902 0.0052773 
0.0052773 2.12902 15.7314 2.12902 0.0052773 
